2 0.74765625 0.7734375 0.11015625 0.2546875
2 0.96640625 0.7890625 0.06640625 0.240625
2 0.5171875 0.7546875 0.07578125 0.23671875
2 0.1609375 0.9359375 0.1828125 0.12734375
2 0.09375 0.73515625 0.1578125 0.234375
2 0.28671875 0.784375 0.09921875 0.16953125
2 0.4078125 0.5171875 0.09765625 0.1828125
2 0.5609375 0.34453125 0.053125 0.54609375
2 0.68671875 0.34140625 0.11171875 0.54453125
2 0.82890625 0.415625 0.13671875 0.39609375
2 0.959375 0.425 0.08125 0.3921875
2 0.2625 0.51484375 0.134375 0.18359375