2 0.7515625 0.22578125 0.11484375 0.265625
2 0.97265625 0.209375 0.0546875 0.25078125
2 0.5109375 0.24609375 0.07890625 0.24609375
2 0.140625 0.06171875 0.190625 0.12265625
2 0.07578125 0.2671875 0.1515625 0.24375
2 0.27109375 0.21484375 0.103125 0.1765625
2 0.39765625 0.49296875 0.10234375 0.190625
2 0.55703125 0.67265625 0.05546875 0.56875
2 0.6890625 0.6765625 0.1171875 0.56796875
2 0.83671875 0.59921875 0.14296875 0.4125
2 0.96484375 0.58984375 0.06953125 0.40859375
2 0.24609375 0.4953125 0.13984375 0.19140625