2 0.2484375 0.18671875 0.11640625 0.26875
2 0.0265625 0.16953125 0.05234375 0.25390625
2 0.4921875 0.20703125 0.0796875 0.24921875
2 0.8671875 0.04140625 0.19296875 0.08203125
2 0.92734375 0.22734375 0.14453125 0.24765625
2 0.734375 0.17578125 0.1046875 0.17890625
2 0.60703125 0.45703125 0.103125 0.19296875
2 0.4453125 0.6390625 0.05546875 0.57578125
2 0.3125 0.64296875 0.11796875 0.575
2 0.1625 0.5640625 0.14453125 0.41796875
2 0.034375 0.5546875 0.06796875 0.4140625
2 0.76015625 0.459375 0.14140625 0.19375