5 0.2 0.209375 0.27890625 0.33828125
5 0.0375 0.40078125 0.075 0.0890625
5 0.453125 0.24453125 0.21484375 0.31015625
5 0.63515625 0.2734375 0.13828125 0.2921875
5 0.78203125 0.28515625 0.1484375 0.2734375
5 0.92734375 0.3109375 0.14453125 0.2734375
5 0.75 0.5953125 0.5 0.378125
5 0.3765625 0.41171875 0.24453125 0.06328125
5 0.05703125 0.51640625 0.1140625 0.09765625
5 0.15390625 0.66640625 0.11640625 0.15625
5 0.40390625 0.49453125 0.18359375 0.07109375
5 0.43984375 0.60234375 0.10078125 0.10703125